P290,12,25(6)0;
P346,12,83(29,36)0;
P374,12,40(5)0;
P81,12,29(5,7)0;
P177,14,42(9)0;
P265,14,32()0;
P502,14,37(2,4)0;
P127,15,85(22)0;
P219,15,45(3)0;
P306,15,42(10)1;
P298,16,29(1)0;
P225,17,88(22)0;
P234,17,41()1;
P402,17,43(10)1;
P13,18,86(26)0;
P29,18,86(16)1;
P304,18,36(1)1;
P52,18,85(8)0;
P360,19,34(1,3,4)1;
P164,20,35(2)0;
P165,20,43(11)0;
P262,21,48(1,6,9)0;
P274,21,89(23,26)0;
P382,21,87(21)0;
P60,38,60(1,2)1;
P246,39,58(4)1;
P143,40,60(7,11)0;
P206,40,53(6,7)1;
P91,40,56(8)0;
P121,41,106()0;
P333,41,62(9)0;
P461,49,73(7,12,16)0;
P399,50,77(5,11)0;
P75,50,79(1)0;
P474,64,93(5,8)1;
P110,65,88(3)0;
P85,65,136()0;
P486,67,81(6)0;
P25,68,137(19)1;
P132,71,90()0;
P314,71,142(23,35)0;
P426,89,110(6,9)0;
P148,90,155(14)0;
P187,90,108(8,12)0;
P423,90,117(8)0;
P442,90,112(1)0;
P43,91,113(1,6,10)0;
P44,91,158()0;
P404,92,109()1;
P67,92,114(3,4)0;
